32709 1 4
32707 1 1
32706 1 10
32704 1 1
32703 1 5
32702 1 6
32700 1 10
32699 1 25
32698 1 3
32697 1 8
32527 1 1
32496 1 1
32399 1 1
32346 1 1
32324 1 1
32209 1 1
32129 1 1
32106 1 1
32093 1 1
32068 1 1
32045 1 1
32023 1 25
32017 1 1
31998 1 1
31992 1 2
31971 1 2
31965 1 1
31964 1 1
31955 1 1
31929 1 1
31927 1 1
31886 1 1
31856 1 1
31785 1 1
31760 1 1
31666 1 1
31600 1 2
31591 1 1
31421 1 5
31399 1 10
31258 1 28
31189 1 7
31178 1 1
31169 1 1
31128 1 1
30984 1 1
30972 1 1
30971 1 37
30970 1 1
30958 1 2
30934 1 12
30927 1 1
30912 1 4
30895 1 1
30872 1 2
30849 1 1
30795 1 1
30792 1 1
30658 1 1
30656 1 22
30586 1 1
30570 1 5
30529 1 2
30406 1 1
30404 1 1
30379 1 2
30343 1 1
30314 1 1
30248 1 5
30170 1 1
30161 1 1
30147 1 1
30136 1 5
30126 1 1
30105 1 18
30038 1 1
30037 1 5
29959 1 1
29949 1 4
29943 1 19
29915 1 10
29910 1 3
29842 1 1
29831 1 1
29824 1 2
29795 1 1
29789 1 1
29782 1 1
29744 1 1
29734 1 4
29652 1 1
29634 1 1
29621 1 1
29620 1 8
29601 1 1
29569 1 1
29568 1 1
29515 1 1
29506 1 5
29498 1 1
29463 1 22
29454 1 1
29452 1 1
29450 1 1
29435 1 1
29431 1 1
29408 1 1
29378 1 1
29303 1 3
29210 1 1
29176 1 1
29167 1 1
29141 1 1
29073 1 1
29041 1 1
29035 1 1
28984 1 1
28966 1 1
28934 1 1
28924 1 1
28736 1 1
28676 1 1
28622 1 1
28593 1 2
28496 1 1
28313 1 1
28309 1 14
28290 1 1
28273 1 1
28165 1 1
28050 1 1
27960 1 2
27884 1 2
27867 1 1
27842 1 1
27838 1 1
27833 1 1
27827 1 1
27768 1 1
27724 1 1
27683 1 1
27682 1 4
27677 1 1
27663 1 1
27659 1 3
27639 1 1
27634 1 1
27617 1 4
27556 1 1
27548 1 1
27547 1 1
27519 1 1
27514 1 1
27501 1 1
27495 1 2
27334 1 1
27287 1 1
27237 1 1
27156 1 1
27090 1 5
27066 1 1
27056 1 1
27031 1 7
26959 1 1
26958 1 1
26938 1 1
26913 1 15
26825 1 18
26806 1 1
26655 1 11
26629 1 1
26499 1 1
26491 1 1
26455 1 2
26339 1 11
26322 1 1
26308 1 3
26286 1 1
26250 1 1
26216 1 1
26186 1 2
26185 1 1
26184 1 1
26169 1 1
26136 1 1
26027 1 1
26014 1 29
25975 1 1
25914 1 5
25895 1 2
25893 1 2
25796 1 1
25785 1 1
25524 1 1
25486 1 1
25482 1 1
25426 1 2
25265 1 1
25236 1 1
25215 1 1
25194 1 1
25192 1 2
25171 1 1
25168 1 1
25146 1 1
25067 1 1
24978 1 13
24804 1 1
24803 1 1
24680 1 1
24674 1 44
24663 1 1
24606 1 1
24603 1 1
24598 1 1
24406 1 1
24373 1 1
24369 1 1
24342 1 1
24252 1 1
24195 1 1
24185 1 1
24088 1 19
24058 1 1
24050 1 4
23994 1 1
23960 1 1
23911 1 1
23852 1 1
23847 1 1
23821 1 1
23796 1 1
23795 1 76
23779 1 1
23776 1 1
23742 1 1
23666 1 1
23613 1 1
23467 1 1
23385 1 3
23207 1 1
23123 1 1
23085 1 1
23081 1 12
23078 1 1
23058 1 1
23052 1 1
22987 1 6
22922 1 1
22896 1 1
22893 1 1
22869 1 2
22836 1 1
22831 1 1
22811 1 1
22805 1 1
22744 1 1
22742 1 1
22740 1 4
22658 1 2
22571 1 1
22553 1 2
22493 1 1
22489 1 1
22472 1 1
22377 1 2
22235 1 1
22152 1 1
22045 1 1
22041 1 3
22029 1 1
22021 1 1
22010 1 10
21899 1 3
21866 1 1
21863 1 18
21854 1 1
21805 1 1
21790 1 1
21710 1 1
21650 1 1
21548 1 1
21537 1 5
21531 1 1
21513 1 1
21447 1 10
21441 1 1
21406 1 1
21379 1 1
21327 1 1
21230 1 1
21215 1 3
21115 1 1
21080 1 1
21054 1 1
20959 1 2
20906 1 4
20893 1 1
20881 1 1
20872 1 1
20869 1 4
20861 1 1
20815 1 1
20809 1 5
20769 1 2
20762 1 2
20692 1 1
20690 1 1
20638 1 1
20576 1 1
20544 1 1
20541 1 1
20398 1 5
20354 1 3
20270 1 2
20248 1 3
20187 1 1
20185 1 2
20156 1 3
20150 1 5
20109 1 1
19996 1 1
19828 1 14
19806 1 1
19802 1 4
19801 1 2
19799 1 1
19749 1 1
19713 1 1
19641 1 1
19620 1 1
19589 1 1
19501 1 1
19421 1 23
19411 1 1
19395 1 1
19311 1 1
19278 1 1
19264 1 1
19253 1 1
19185 1 1
19182 1 1
19180 1 2
19176 1 5
19161 1 1
19155 1 49
19153 1 2
19140 1 7
19060 1 1
19031 1 1
19026 1 1
19017 1 1
18999 1 2
18993 1 1
18992 1 1
18878 1 1
18859 1 1
18741 1 1
18673 1 1
18660 1 2
18527 1 1
18502 1 6
18450 1 1
18447 1 1
18425 1 1
18412 1 36
18402 1 1
18366 1 1
18270 1 1
18254 1 1
18204 1 1
18186 1 15
18145 1 1
18008 1 1
17994 1 1
17990 1 1
17983 1 1
17917 1 4
17795 1 1
17784 1 1
17677 1 1
17551 1 4
17506 1 1
17487 1 1
17472 1 3
17443 1 1
17414 1 1
17230 1 1
17224 1 1
17132 1 1
17075 1 1
17040 1 2
16965 1 1
16960 1 1
16902 1 6
16859 1 1
16816 1 1
16815 1 2
16756 1 1
16714 1 11
16609 1 1
16568 1 9
16539 1 10
16487 1 1
16436 1 1
16362 1 1
16060 1 1
15912 1 1
15888 1 1
15861 1 1
15746 1 36
15741 1 1
15616 1 10
15565 1 1
15560 1 1
15542 1 7
15378 1 1
15354 1 1
15302 1 2
15228 1 1
15213 1 2
15212 1 5
15198 1 1
15180 1 12
15177 1 1
15047 1 1
15025 1 1
14971 1 16
14922 1 1
14829 1 4
14817 1 1
14675 1 2
14622 1 2
14620 1 1
14596 1 1
14528 1 1
14519 1 1
14485 1 1
14470 1 1
14421 1 1
14270 1 1
14248 1 34
14231 1 1
14225 1 1
14031 1 1
14028 1 1
13985 1 1
13972 1 1
13971 1 1
13903 1 3
13828 1 8
13784 1 1
13772 1 1
13732 1 27
13712 1 1
13557 1 1
13535 1 1
13532 1 2
13387 1 1
13383 1 1
13371 1 1
13369 1 1
13359 1 1
13340 1 1
13334 1 1
13303 1 47
13249 1 1
13237 1 1
13130 1 12
13127 1 1
13013 1 2
12948 1 1
12928 1 1
12870 1 1
12822 1 1
12670 1 1
12648 1 1
12608 1 1
12589 1 1
12583 1 1
12582 1 2
12489 1 1
12480 1 1
12406 1 1
12338 1 1
12312 1 1
12306 1 1
12231 1 1
12201 1 1
12160 1 2
12151 1 3
12049 1 2
12017 1 1
11978 1 2
11929 1 1
11908 1 1
11905 1 1
11888 1 17
11854 1 1
11790 1 1
11684 1 1
11667 1 1
11636 1 1
11582 1 1
11551 1 1
11517 1 1
11512 1 1
11499 1 1
11494 1 1
11448 1 37
11407 1 1
11402 1 1
11397 1 1
11394 1 1
11352 1 1
11268 1 2
11261 1 1
11256 1 1
11176 1 3
11099 1 1
11092 1 1
11083 1 19
10999 1 1
10917 1 1
10912 1 1
10904 1 1
10791 1 1
10756 1 10
10754 1 1
10745 1 1
10740 1 10
10735 1 1
10717 1 2
10710 1 22
10692 1 1
10689 1 1
10678 1 1
10672 1 3
10669 1 1
10642 1 2
10608 1 5
10605 1 1
10595 1 5
10593 1 8
10552 1 5
10535 1 5
10315 1 21
10283 1 1
10262 1 1
10253 1 1
10182 1 1
10156 1 1
10152 1 8
10125 1 1
10062 1 1
10060 1 2
10057 1 1
10040 1 2
9987 1 2
9972 1 5
9858 1 1
9847 1 1
9828 1 15
9815 1 1
9814 1 1
9800 1 18
9799 1 1
9701 1 1
9638 1 1
9589 1 1
9570 1 1
9471 1 1
9467 1 2
9465 1 2
9442 1 1
9328 1 1
9246 1 1
9171 1 1
9154 1 1
9145 1 7
9051 1 4
8977 1 1
8962 1 1
8875 1 1
8857 1 1
8813 1 5
8810 1 1
8803 1 2
8764 1 3
8509 1 1
8494 1 1
8356 1 1
8219 1 19
8204 1 2
8051 1 1
8007 1 3
7950 1 13
7908 1 1
7906 1 2
7826 1 1
7814 1 1
7793 1 1
7779 1 2
7589 1 1
7587 1 2
7582 1 1
7568 1 1
7546 1 1
7516 1 1
7470 1 1
7461 1 23
7341 1 1
7321 1 1
7224 1 2
7204 1 1
7135 1 7
7116 1 1
7114 1 1
6986 1 3
6969 1 1
6945 1 2
6944 1 1
6790 1 2
6665 1 1
6662 1 1
6584 1 1
6471 1 1
6468 1 1
6395 1 1
6216 1 5
6198 1 1
6093 1 1
6064 1 1
6034 1 1
5972 1 2
5971 1 1
5948 1 14
5890 1 1
5873 1 1
5859 1 1
5834 1 1
5731 1 1
5705 1 11
5699 1 17
5634 1 1
5595 1 8
5542 1 1
5522 1 17
5512 1 2
5492 1 1
5475 1 1
5474 1 1
5464 1 1
5423 1 1
5391 1 1
5387 1 1
5351 1 1
5315 1 1
5238 1 11
5134 1 1
5129 1 1
5127 1 1
5105 1 1
5090 1 4
5069 1 1
5061 1 2
5046 1 1
4979 1 2
4959 1 1
4931 1 3
4911 1 1
4892 1 1
4820 1 1
4797 1 1
4792 1 1
4664 1 1
4577 1 1
4510 1 1
4493 1 2
4344 1 1
4301 1 1
4256 1 1
4172 1 11
4132 1 1
4108 1 1
4106 1 1
4071 1 1
4066 1 2
4065 1 1
4041 1 1
4040 1 1
4028 1 6
4026 1 2
3897 1 1
3892 1 1
3878 1 1
3861 1 2
3838 1 1
3802 1 1
3762 1 22
3759 1 2
3714 1 2
3668 1 5
3612 1 1
3559 1 2
3469 1 1
3466 1 1
3305 1 1
3295 1 1
3256 1 13
3120 1 1
3118 1 1
3027 1 1
3000 1 1
2906 1 1
2892 1 1
2787 1 1
2760 1 2
2722 1 1
2700 1 1
2663 1 1
2655 1 1
2577 1 1
2309 1 1
2218 1 1
2198 1 4
2171 1 1
2148 1 1
2078 1 1
2062 1 1
2011 1 1
1994 1 2
1990 1 15
1987 1 1
1975 1 2
1965 1 3
1900 1 1
1888 1 1
1877 1 1
1868 1 1
1842 1 1
1832 1 1
1818 1 1
1736 1 1
1723 1 1
1612 1 1
1547 1 1
1422 1 1
1363 1 5
1333 1 1
1314 1 1
1110 1 11
1058 1 1
1030 1 1
999 1 1
967 1 1
942 1 1
927 1 1
909 1 15
872 1 1
860 1 2
821 1 1
794 1 1
771 1 1
736 1 1
685 1 1
672 1 1
559 1 6
557 1 2
526 1 1
497 1 1
496 1 1
495 1 1
493 1 41
413 1 1
411 1 1
364 1 1
327 1 1
179 1 2
167 1 1
71 1 1
32722 2 1
32709 2 8
32707 2 1
32706 2 33
32704 2 2
32703 2 15
32702 2 12
32700 2 53
32699 2 44
32698 2 10
32697 2 8
32691 2 1
32647 2 1
32646 2 2
32602 2 1
32596 2 1
32577 2 1
32528 2 1
32524 2 1
32481 2 1
32450 2 1
32449 2 1
32399 2 1
32350 2 1
32166 2 1
32145 2 1
32106 2 1
32070 2 1
32068 2 1
32061 2 1
32045 2 4
32030 2 1
32029 2 1
32025 2 1
32023 2 24
31975 2 1
31971 2 1
31965 2 1
31951 2 1
31950 2 2
31927 2 2
31920 2 1
31869 2 1
31821 2 1
31805 2 2
31719 2 1
31709 2 1
31704 2 1
31701 2 1
31696 2 1
31670 2 1
31624 2 1
31591 2 1
31589 2 1
31421 2 5
31399 2 27
31316 2 1
31276 2 1
31258 2 37
31233 2 1
31189 2 14
31183 2 1
31134 2 1
31115 2 2
31076 2 1
31025 2 1
31019 2 1
30976 2 1
30974 2 1
30972 2 16
30971 2 81
30967 2 1
30958 2 7
30934 2 10
30932 2 1
30912 2 22
30895 2 4
30874 2 2
30872 2 3
30864 2 1
30853 2 1
30852 2 1
30849 2 2
30844 2 1
30798 2 3
30789 2 1
30788 2 1
30753 2 1
30732 2 1
30715 2 1
30678 2 1
30674 2 1
30667 2 1
30664 2 1
30659 2 2
30657 2 3
30656 2 45
30630 2 1
30629 2 1
30607 2 1
30597 2 1
30570 2 32
30567 2 2
30562 2 2
30537 2 1
30529 2 4
30527 2 2
30517 2 2
30509 2 7
30508 2 1
30450 2 1
30444 2 1
30443 2 2
30434 2 1
30429 2 1
30428 2 1
30411 2 1
30406 2 2
30399 2 1
30379 2 2
30346 2 1
30313 2 1
30248 2 4
30160 2 1
30152 2 1
30147 2 2
30136 2 18
30126 2 1
30122 2 1
30105 2 40
30082 2 1
30037 2 1
30029 2 1
29983 2 1
29976 2 1
29946 2 1
29945 2 1
29932 2 1
29931 2 1
29922 2 1
29915 2 2
29910 2 1
29843 2 1
29829 2 1
29817 2 1
29811 2 1
29799 2 1
29795 2 3
29784 2 1
29759 2 1
29744 2 1
29739 2 1
29734 2 12
29720 2 1
29639 2 1
29634 2 1
29620 2 8
29601 2 1
29590 2 1
29576 2 1
29572 2 2
29568 2 6
29533 2 2
29512 2 1
29506 2 9
29490 2 1
29477 2 1
29463 2 19
29459 2 2
29452 2 1
29450 2 1
29445 2 1
29443 2 2
29440 2 1
29408 2 2
29404 2 1
29383 2 3
29355 2 1
29349 2 4
29341 2 1
29303 2 2
29299 2 1
29298 2 1
29296 2 1
29294 2 4
29271 2 1
29269 2 3
29266 2 1
29259 2 1
29255 2 1
29240 2 1
29185 2 2
29161 2 1
29159 2 1
29158 2 1
29128 2 1
29114 2 1
29110 2 1
29092 2 1
29073 2 4
29002 2 2
28960 2 1
28935 2 1
28934 2 10
28926 2 1
28924 2 2
28886 2 1
28882 2 2
28878 2 1
28818 2 1
28759 2 1
28758 2 1
28727 2 1
28702 2 1
28641 2 2
28593 2 2
28575 2 1
28553 2 1
28493 2 1
28390 2 1
28368 2 1
28309 2 17
28274 2 1
28273 2 1
28246 2 1
28242 2 1
28151 2 19
28145 2 1
28071 2 1
28064 2 1
28020 2 1
28012 2 2
27978 2 1
27963 2 1
27960 2 2
27958 2 3
27948 2 1
27901 2 1
27891 2 2
27880 2 1
27865 2 1
27848 2 1
27845 2 1
27838 2 1
27835 2 1
27827 2 3
27787 2 1
27745 2 1
27724 2 1
27721 2 1
27685 2 1
27682 2 4
27681 2 1
27663 2 1
27659 2 1
27656 2 2
27640 2 1
27639 2 1
27617 2 12
27519 2 5
27517 2 1
27513 2 1
27508 2 2
27495 2 6
27493 2 1
27415 2 1
27414 2 2
27388 2 2
27353 2 1
27351 2 1
27342 2 2
27298 2 1
27287 2 1
27270 2 1
27250 2 1
27223 2 2
27174 2 2
27133 2 1
27132 2 1
27090 2 11
27036 2 1
27031 2 1
26959 2 1
26913 2 32
26902 2 1
26901 2 7
26853 2 1
26825 2 1
26752 2 2
26729 2 1
26661 2 1
26655 2 52
26641 2 1
26619 2 1
26586 2 1
26561 2 1
26518 2 1
26493 2 1
26458 2 1
26455 2 4
26451 2 3
26339 2 28
26308 2 3
26302 2 2
26286 2 1
26281 2 1
26263 2 3
26260 2 2
26259 2 1
26252 2 1
26250 2 1
26235 2 1
26211 2 1
26209 2 1
26188 2 1
26186 2 9
26184 2 6
26169 2 1
26149 2 1
26146 2 1
26139 2 2
26138 2 1
26137 2 1
26088 2 1
26032 2 1
26014 2 45
25979 2 1
25975 2 12
25961 2 1
25947 2 1
25915 2 3
25914 2 7
25909 2 1
25893 2 4
25794 2 1
25793 2 6
25785 2 1
25738 2 1
25643 2 1
25610 2 1
25600 2 1
25582 2 2
25511 2 1
25478 2 1
25359 2 1
25348 2 1
25342 2 2
25268 2 1
25214 2 8
25211 2 1
25199 2 5
25194 2 2
25192 2 2
25191 2 2
25178 2 1
25177 2 2
25168 2 1
25137 2 2
25106 2 1
25078 2 2
25041 2 2
24980 2 1
24978 2 35
24940 2 1
24889 2 1
24887 2 1
24812 2 1
24811 2 2
24732 2 1
24731 2 2
24705 2 1
24688 2 1
24687 2 1
24680 2 1
24677 2 1
24674 2 97
24637 2 1
24634 2 1
24606 2 1
24598 2 1
24591 2 1
24580 2 2
24578 2 1
24571 2 1
24448 2 1
24429 2 1
24414 2 1
24406 2 4
24373 2 3
24369 2 1
24348 2 1
24321 2 1
24287 2 1
24285 2 1
24269 2 2
24253 2 1
24252 2 1
24245 2 1
24237 2 1
24215 2 2
24214 2 1
24204 2 1
24190 2 1
24172 2 1
24168 2 3
24131 2 2
24120 2 1
24110 2 1
24088 2 41
24050 2 14
24049 2 1
24040 2 1
24008 2 4
24006 2 1
24001 2 1
23974 2 1
23960 2 4
23956 2 1
23927 2 2
23909 2 1
23847 2 1
23795 2 75
23779 2 4
23748 2 1
23742 2 1
23718 2 1
23703 2 1
23666 2 5
23583 2 1
23502 2 1
23467 2 10
23453 2 1
23413 2 1
23405 2 1
23388 2 1
23386 2 1
23385 2 1
23341 2 1
23336 2 1
23223 2 1
23207 2 2
23118 2 1
23081 2 2
23065 2 1
23057 2 1
22987 2 2
22862 2 1
22823 2 1
22795 2 1
22782 2 1
22755 2 5
22744 2 2
22740 2 12
22728 2 1
22653 2 2
22649 2 1
22643 2 1
22566 2 1
22563 2 1
22550 2 4
22521 2 1
22472 2 1
22379 2 1
22331 2 1
22301 2 2
22260 2 1
22125 2 1
22041 2 1
22039 2 1
22027 2 1
22021 2 1
22010 2 56
21987 2 1
21960 2 1
21866 2 2
21863 2 30
21839 2 1
21807 2 1
21805 2 1
21790 2 1
21650 2 5
21639 2 1
21615 2 3
21612 2 1
21608 2 1
21601 2 1
21581 2 1
21580 2 1
21579 2 1
21567 2 1
21548 2 3
21544 2 1
21537 2 31
21535 2 1
21513 2 2
21458 2 1
21447 2 18
21413 2 1
21412 2 9
21406 2 1
21389 2 1
21377 2 1
21360 2 1
21351 2 1
21345 2 2
21303 2 1
21296 2 1
21276 2 1
21256 2 1
21215 2 3
21196 2 1
21159 2 1
21115 2 1
21107 2 1
21070 2 1
21059 2 1
21054 2 3
21043 2 1
20974 2 2
20944 2 1
20922 2 1
20906 2 10
20904 2 1
20893 2 1
20874 2 4
20869 2 5
20852 2 1
20850 2 1
20827 2 1
20809 2 5
20778 2 2
20770 2 1
20767 2 1
20762 2 8
20758 2 1
20692 2 2
20691 2 1
20672 2 1
20639 2 1
20569 2 1
20510 2 1
20473 2 1
20398 2 6
20363 2 2
20354 2 5
20285 2 1
20283 2 2
20238 2 1
20237 2 4
20231 2 1
20213 2 1
20187 2 2
20180 2 1
20172 2 1
20156 2 2
20153 2 1
20151 2 1
20150 2 1
20124 2 1
20115 2 1
20093 2 1
20079 2 1
20011 2 1
19991 2 1
19886 2 1
19840 2 1
19836 2 1
19828 2 19
19806 2 1
19783 2 1
19713 2 1
19522 2 1
19460 2 1
19421 2 29
19389 2 1
19381 2 1
19352 2 2
19349 2 1
19264 2 1
19262 2 1
19253 2 9
19249 2 2
19248 2 1
19245 2 1
19242 2 1
19215 2 1
19204 2 1
19200 2 1
19192 2 1
19188 2 1
19185 2 1
19181 2 1
19176 2 9
19167 2 1
19155 2 142
19153 2 3
19152 2 1
19140 2 9
19127 2 1
19116 2 1
19113 2 1
19111 2 2
19099 2 2
19098 2 1
19088 2 1
19087 2 1
19073 2 1
19037 2 2
19031 2 18
18999 2 17
18992 2 1
18976 2 2
18945 2 6
18929 2 1
18924 2 1
18881 2 1
18859 2 1
18788 2 1
18787 2 1
18773 2 1
18764 2 1
18712 2 1
18697 2 1
18639 2 1
18637 2 1
18527 2 1
18502 2 10
18475 2 1
18442 2 1
18431 2 1
18412 2 43
18402 2 3
18332 2 1
18270 2 1
18241 2 1
18238 2 1
18229 2 1
18225 2 3
18206 2 2
18191 2 12
18186 2 33
18179 2 1
18177 2 1
18147 2 2
18145 2 2
18125 2 1
18081 2 1
18053 2 1
18043 2 1
18025 2 1
17987 2 1
17946 2 1
17925 2 1
17917 2 1
17907 2 1
17872 2 1
17862 2 2
17842 2 1
17841 2 1
17809 2 1
17803 2 1
17750 2 1
17749 2 2
17744 2 1
17717 2 5
17701 2 1
17689 2 1
17636 2 1
17565 2 1
17551 2 19
17520 2 1
17487 2 1
17471 2 2
17424 2 2
17414 2 1
17385 2 1
17372 2 1
17363 2 1
17359 2 18
17312 2 1
17255 2 1
17226 2 1
17224 2 1
17221 2 1
17215 2 1
17166 2 1
17159 2 1
17144 2 1
17143 2 1
17040 2 7
16997 2 1
16993 2 1
16989 2 1
16942 2 1
16934 2 2
16902 2 3
16875 2 1
16849 2 1
16830 2 1
16815 2 1
16807 2 3
16799 2 2
16793 2 1
16722 2 1
16716 2 1
16715 2 1
16714 2 27
16675 2 1
16655 2 1
16618 2 1
16597 2 2
16577 2 1
16568 2 22
16540 2 1
16539 2 14
16490 2 1
16487 2 1
16476 2 1
16470 2 1
16436 2 2
16433 2 1
16399 2 1
16396 2 1
16369 2 1
16309 2 2
16301 2 1
16300 2 1
16289 2 1
16286 2 1
16212 2 1
16141 2 14
16099 2 1
16056 2 1
15923 2 1
15894 2 1
15890 2 1
15888 2 3
15879 2 1
15746 2 81
15663 2 1
15616 2 16
15574 2 1
15572 2 2
15571 2 1
15546 2 1
15542 2 3
15537 2 1
15517 2 2
15378 2 1
15347 2 1
15320 2 1
15308 2 1
15304 2 2
15302 2 3
15236 2 1
15218 2 2
15212 2 5
15180 2 18
15167 2 1
15159 2 1
15095 2 1
14983 2 1
14980 2 1
14971 2 29
14856 2 1
14832 2 1
14829 2 8
14816 2 1
14814 2 1
14749 2 1
14686 2 1
14678 2 1
14598 2 1
14576 2 1
14575 2 1
14523 2 1
14471 2 1
14459 2 1
14421 2 2
14309 2 1
14275 2 1
14270 2 1
14248 2 92
14237 2 1
14225 2 1
14224 2 1
14023 2 1
13975 2 1
13969 2 5
13965 2 1
13964 2 1
13963 2 3
13903 2 5
13828 2 7
13772 2 3
13769 2 1
13732 2 33
13723 2 1
13712 2 1
13694 2 1
13642 2 1
13547 2 2
13543 2 1
13535 2 1
13534 2 1
13532 2 4
13511 2 1
13497 2 1
13387 2 1
13383 2 6
13360 2 1
13342 2 2
13340 2 1
13333 2 1
13316 2 1
13303 2 62
13296 2 1
13249 2 1
13237 2 4
13228 2 1
13159 2 1
13145 2 1
13121 2 1
13093 2 1
13051 2 1
13011 2 1
13001 2 1
12959 2 1
12870 2 1
12866 2 2
12819 2 1
12788 2 1
12766 2 21
12741 2 1
12726 2 1
12716 2 1
12683 2 1
12672 2 3
12670 2 1
12647 2 1
12635 2 1
12619 2 1
12616 2 1
12611 2 1
12582 2 4
12571 2 1
12557 2 1
12489 2 1
12480 2 2
12440 2 1
12428 2 1
12411 2 1
12299 2 1
12298 2 1
12236 2 7
12231 2 3
12219 2 1
12215 2 1
12200 2 1
12160 2 1
12057 2 1
12050 2 2
12049 2 2
12028 2 1
12017 2 1
11974 2 1
11972 2 2
11950 2 1
11925 2 1
11924 2 1
11905 2 2
11903 2 1
11896 2 1
11888 2 28
11862 2 1
11792 2 1
11790 2 1
11734 2 1
11727 2 1
11685 2 1
11684 2 2
11668 2 2
11666 2 1
11616 2 1
11448 2 60
11437 2 2
11347 2 1
11297 2 1
11285 2 1
11268 2 5
11249 2 1
11224 2 1
11181 2 1
11176 2 2
11168 2 1
11109 2 1
11092 2 2
11083 2 34
10997 2 2
10917 2 1
10895 2 1
10873 2 1
10872 2 1
10851 2 1
10824 2 1
10801 2 1
10796 2 2
10795 2 1
10794 2 1
10756 2 26
10740 2 11
10720 2 1
10713 2 1
10710 2 60
10701 2 17
10700 2 13
10696 2 1
10694 2 3
10692 2 3
10690 2 1
10687 2 1
10685 2 2
10682 2 3
10681 2 5
10680 2 10
10679 2 3
10678 2 36
10672 2 4
10642 2 3
10631 2 5
10622 2 1
10618 2 3
10613 2 1
10611 2 1
10610 2 3
10608 2 11
10595 2 7
10593 2 14
10568 2 1
10566 2 1
10562 2 1
10552 2 2
10535 2 5
10528 2 1
10389 2 1
10332 2 1
10229 2 1
10195 2 1
10193 2 1
10191 2 1
10152 2 40
10121 2 1
10110 2 1
10092 2 1
10088 2 1
10076 2 3
10062 2 1
10061 2 1
10041 2 2
10040 2 3
10035 2 1
10004 2 1
9993 2 2
9992 2 1
9987 2 3
9972 2 6
9883 2 1
9871 2 1
9849 2 1
9842 2 1
9830 2 1
9827 2 1
9815 2 2
9814 2 1
9800 2 26
9799 2 51
9785 2 1
9769 2 1
9738 2 1
9727 2 1
9712 2 1
9704 2 1
9640 2 5
9623 2 1
9622 2 2
9610 2 1
9608 2 1
9601 2 1
9534 2 1
9528 2 1
9517 2 1
9314 2 1
9199 2 1
9154 2 1
9145 2 23
9095 2 1
9051 2 6
9029 2 1
9008 2 1
8945 2 1
8859 2 1
8857 2 1
8852 2 1
8813 2 3
8802 2 2
8764 2 2
8543 2 1
8507 2 1
8442 2 1
8410 2 1
8395 2 1
8387 2 1
8356 2 1
8338 2 1
8242 2 1
8220 2 1
8219 2 31
8145 2 1
8071 2 1
8010 2 1
7957 2 1
7950 2 26
7927 2 1
7911 2 1
7906 2 5
7899 2 4
7897 2 1
7889 2 1
7830 2 1
7814 2 1
7803 2 1
7789 2 3
7785 2 1
7779 2 1
7747 2 2
7465 2 1
7461 2 24
7455 2 1
7449 2 1
7340 2 1
7321 2 1
7309 2 1
7224 2 1
7223 2 1
7209 2 1
7199 2 1
7194 2 1
7135 2 10
7114 2 1
7076 2 1
7030 2 3
7011 2 1
6986 2 1
6969 2 3
6963 2 1
6938 2 2
6901 2 1
6900 2 1
6881 2 1
6830 2 1
6829 2 1
6817 2 2
6768 2 1
6761 2 1
6687 2 1
6660 2 1
6650 2 2
6471 2 2
6465 2 11
6452 2 1
6443 2 1
6381 2 2
6371 2 1
6369 2 1
6366 2 2
6363 2 1
6277 2 1
6275 2 1
6238 2 2
6236 2 1
6226 2 1
6220 2 1
6216 2 9
6213 2 1
6201 2 1
6157 2 1
6155 2 1
6101 2 1
6093 2 1
6092 2 1
6064 2 1
6048 2 1
6034 2 1
6009 2 1
5994 2 1
5985 2 1
5972 2 1
5955 2 1
5948 2 33
5931 2 1
5916 2 1
5898 2 1
5889 2 1
5873 2 2
5831 2 2
5820 2 1
5790 2 1
5754 2 1
5723 2 1
5705 2 14
5702 2 1
5699 2 12
5698 2 1
5678 2 1
5667 2 1
5630 2 2
5595 2 30
5564 2 1
5553 2 3
5522 2 35
5500 2 1
5492 2 1
5475 2 1
5472 2 1
5389 2 1
5380 2 1
5351 2 1
5315 2 1
5304 2 1
5264 2 1
5254 2 1
5238 2 13
5234 2 1
5218 2 1
5215 2 1
5136 2 1
5134 2 1
5128 2 1
5127 2 1
5090 2 4
5069 2 10
5061 2 1
5046 2 1
5016 2 1
5001 2 1
4979 2 10
4959 2 2
4951 2 1
4924 2 1
4916 2 1
4882 2 1
4843 2 1
4838 2 1
4820 2 1
4772 2 1
4721 2 2
4712 2 1
4668 2 1
4664 2 1
4602 2 1
4560 2 1
4556 2 1
4431 2 3
4400 2 1
4370 2 1
4366 2 1
4335 2 2
4301 2 1
4292 2 1
4176 2 1
4172 2 33
4150 2 1
4123 2 1
4116 2 1
4110 2 1
4108 2 1
4106 2 1
4090 2 1
4082 2 1
4055 2 1
4042 2 1
4041 2 2
4040 2 1
4036 2 1
4032 2 2
4028 2 29
3997 2 1
3980 2 1
3970 2 1
3962 2 2
3957 2 2
3949 2 1
3945 2 1
3922 2 1
3889 2 1
3885 2 1
3838 2 2
3815 2 2
3804 2 1
3793 2 1
3762 2 35
3759 2 2
3753 2 1
3714 2 1
3687 2 2
3668 2 1
3634 2 1
3579 2 2
3562 2 1
3560 2 1
3559 2 1
3521 2 1
3520 2 1
3507 2 1
3478 2 1
3458 2 1
3351 2 2
3327 2 2
3326 2 1
3309 2 2
3256 2 31
3201 2 1
3134 2 1
3131 2 1
3118 2 1
2941 2 1
2922 2 2
2916 2 1
2912 2 2
2760 2 1
2758 2 1
2737 2 1
2727 2 2
2718 2 1
2685 2 1
2677 2 1
2577 2 2
2508 2 2
2497 2 1
2485 2 1
2400 2 1
2394 2 2
2391 2 1
2358 2 1
2334 2 4
2309 2 1
2305 2 1
2280 2 1
2258 2 1
2218 2 1